Filename: [[786, 1085], [713, 1129], [1272, 1319], [766, 799], [1113, 1036], [1146, 1105], [516, 625], [639, 1329], [748, 1258], [546, 677], [524, 816]]
Filename: [[977, 1335], [1387, 1089], [819, 1122], [1179, 1173], [1052, 799], [699, 1263], [1016, 1113], [661, 1285], [1246, 1387], [527, 1138], [855, 1136]]
Filename: [[817, 552], [1029, 661], [1064, 1161], [1344, 1338], [673, 1215], [596, 1103], [1397, 938], [748, 687], [1132, 727], [1024, 862], [1007, 955]]
Filename: [[608, 1071], [1246, 1000], [607, 507], [1158, 696], [961, 1222], [1072, 744], [1042, 643], [1394, 937], [927, 1302], [521, 884], [723, 634]]
Filename: [[1045, 577], [970, 1197], [1096, 1230], [1268, 615], [1052, 1377], [680, 982], [1369, 1073], [1074, 1394], [893, 1106], [608, 512], [1150, 701]]
Filename: [[1142, 899], [634, 732], [1166, 1209], [645, 1295], [696, 1330], [1223, 1212], [577, 1258], [769, 696], [1276, 1355], [717, 851], [1043, 1090]]
Filename: [[1274, 681], [1133, 695], [1168, 1102], [560, 1380], [857, 618], [934, 1224], [808, 823], [646, 524], [1143, 775], [1081, 986], [917, 1042]]
Filename: [[585, 1230], [1297, 1196], [1204, 769], [895, 848], [931, 1031], [1101, 833], [604, 552], [545, 658], [1377, 1080], [985, 751], [668, 819]]
Filename: [[1107, 628], [1186, 654], [1123, 1131], [968, 841], [1130, 1366], [740, 968], [1366, 530], [1043, 1171], [543, 1006], [514, 1013], [584, 662]]
Filename: [[1083, 1352], [530, 1057], [1103, 1314], [998, 893], [1257, 546], [1090, 662], [1124, 1041], [1107, 1351], [1382, 1209], [1121, 523], [1278, 1118]]
Filename: [[1016, 935], [552, 1192], [785, 1175], [1318, 939], [1070, 619], [801, 1270], [969, 1146], [875, 734], [1068, 881], [999, 1341], [1090, 1384]]
Trial_10: [[1163, 513], [1219, 1149], [1133, 932], [1347, 1119], [1282, 1026], [1255, 679], [1340, 949], [595, 923], [656, 928], [1078, 877], [1128, 766]]
Trial_10: [[896, 544], [1138, 1296], [915, 771], [1317, 516], [1109, 505], [1213, 1167], [560, 1178], [921, 910], [670, 808], [851, 591], [500, 528]]
Trial_10: [[1126, 1122], [690, 1258], [931, 630], [1184, 762], [1010, 694], [540, 572], [591, 794], [1125, 952], [999, 1238], [1190, 1253], [1267, 677]]
Trial_10: [[1065, 1203], [971, 724], [1367, 1350], [1334, 1362], [1192, 992], [738, 665], [1099, 605], [765, 807], [689, 928], [543, 1247], [861, 1201]]
Trial_10: [[1320, 780], [625, 830], [875, 1121], [1202, 981], [557, 694], [1337, 614], [796, 749], [596, 987], [921, 578], [977, 1006], [883, 993]]
Trial_10: [[973, 686], [1321, 705], [1095, 1005], [1213, 1017], [1061, 1028], [1316, 653], [699, 1041], [673, 1134], [1232, 1027], [807, 601], [880, 1118]]
Trial_10: [[692, 787], [532, 1073], [1131, 795], [556, 724], [583, 1219], [942, 923], [573, 906], [548, 940], [853, 557], [646, 762], [1244, 1038]]
Trial_10: [[753, 516], [1379, 841], [962, 1266], [1102, 1060], [713, 863], [1045, 677], [992, 1205], [1320, 769], [990, 1106], [811, 786], [749, 1273]]
Trial_10: [[657, 776], [1092, 1258], [1091, 501], [1064, 725], [679, 768], [754, 1171], [591, 669], [1296, 1328], [547, 1385], [1283, 864], [716, 1147]]
Trial_10: [[587, 1312], [1284, 1268], [1203, 511], [971, 585], [946, 1185], [1163, 942], [702, 1209], [1010, 1088], [1025, 1208], [884, 995], [763, 1093]]
Triali [[1096, 1033], [668, 1011], [697, 889], [636, 1388], [1143, 537], [579, 800], [1079, 1072], [1219, 934], [1386, 1005], [869, 887], [1220, 1327]]
Triali [[975, 658], [733, 735], [789, 770], [931, 646], [1356, 1309], [1099, 1350], [630, 1265], [1301, 1149], [635, 943], [604, 1262], [1393, 851]]
Triali [[731, 994], [1087, 1256], [1106, 632], [970, 819], [739, 575], [1001, 749], [1102, 1008], [1083, 696], [577, 1059], [1273, 1056], [1172, 1348]]
Triali [[969, 656], [545, 613], [1303, 1331], [1215, 1118], [860, 897], [1370, 683], [1318, 1088], [616, 1113], [710, 955], [1257, 1372], [1101, 693]]
Triali [[1293, 774], [528, 1212], [881, 1155], [837, 684], [1242, 1292], [1035, 987], [1094, 949], [1299, 1064], [848, 623], [530, 620], [1221, 802]]
Triali [[618, 1095], [1255, 847], [960, 1254], [946, 1299], [716, 583], [1335, 1019], [992, 757], [1028, 1304], [843, 659], [623, 660], [604, 878]]
Triali [[1244, 1050], [998, 982], [1156, 870], [1271, 1024], [1280, 648], [1219, 807], [748, 658], [1392, 623], [816, 957], [551, 962], [1308, 1328]]
Triali [[983, 649], [826, 1136], [1094, 715], [1357, 645], [1077, 565], [1085, 1012], [1256, 870], [1023, 651], [1383, 941], [530, 853], [879, 1283]]
Triali [[1367, 882], [923, 819], [1328, 520], [711, 848], [626, 557], [1382, 614], [822, 1170], [980, 952], [758, 1164], [517, 958], [687, 590]]
Triali [[1204, 733], [817, 515], [1063, 1267], [1176, 837], [1398, 600], [1226, 979], [1300, 927], [1166, 986], [1298, 1162], [922, 574], [868, 760]]
Trial
Trial
Trial
Trial
Trial
Trial
Trial
Trial
Trial
Trial
Trial [[570, 1359], [526, 963], [942, 791], [968, 762], [1331, 875], [1314, 516], [731, 962], [705, 700], [939, 578], [726, 862], [1291, 654]]
Trial [[899, 1074], [1121, 1101], [1354, 1155], [805, 791], [1337, 820], [1142, 1132], [925, 767], [1101, 970], [1144, 513], [1100, 758], [811, 572]]
Trial [[743, 926], [672, 677], [1037, 1078], [592, 958], [1214, 728], [529, 1312], [619, 1259], [933, 716], [1068, 1167], [740, 862], [637, 837]]
Trial [[632, 537], [549, 1354], [1107, 1222], [1276, 766], [1330, 1033], [537, 1086], [1000, 666], [821, 1051], [794, 782], [891, 1347], [1342, 1073]]
Trial [[879, 889], [982, 514], [1327, 1284], [765, 512], [1010, 1003], [1132, 924], [919, 960], [1013, 1171], [560, 1068], [1049, 1061], [630, 638]]
Trial [[1227, 807], [515, 1053], [658, 1285], [1273, 1211], [1217, 1129], [1366, 1077], [994, 609], [806, 611], [897, 525], [1285, 719], [1131, 1185]]
Trial [[1004, 695], [1268, 737], [1046, 1162], [898, 712], [671, 574], [520, 575], [1281, 1247], [1086, 1196], [596, 502], [1118, 1168], [1164, 1347]]
Trial [[737, 538], [609, 686], [1111, 1036], [1296, 889], [673, 699], [593, 1015], [540, 1290], [1327, 1182], [562, 915], [907, 1177], [607, 1034]]
Trial [[1048, 842], [1042, 1178], [1225, 937], [1294, 1391], [1287, 853], [1200, 719], [871, 1387], [1116, 623], [662, 1219], [887, 1315], [688, 583]]
Trial [[1003, 1336], [671, 1169], [760, 1340], [1163, 999], [890, 675], [1144, 1044], [621, 1191], [1066, 852], [1388, 935], [1238, 1192], [737, 881]]
