  subjects puzzleID numCities mas nos undo_c leftover numError sumSeverityErrors numUNDO TT
1 27 11 11 13 1 14.963302 0 0 0 25.173000
1 28 8 9 2 1 34.742995 5 5 11 63.958000
1 22 9 9 31 1 20.823250 0 0 0 20.084000
1 19 8 8 12 1 0.456886 0 0 2 41.529000
1 3 10 10 34 1 3.498413 0 0 0 22.450000
1 16 6 9 13 1 32.609948 1 3 0 39.598000
1 15 7 9 4 1 46.766335 1 2 0 11.574000
1 6 10 10 180 1 13.224729 0 0 0 34.197000
1 0 9 9 104 1 13.885006 0 0 0 30.424000
1 8 9 9 10 1 24.940695 1 1 6 52.997000
1 40 9 9 8 1 21.686618 1 1 5 32.445000
1 12 8 9 2 1 44.389670 1 1 0 12.512000
1 13 11 11 60 1 12.382920 0 0 0 18.505000
1 9 9 10 2 1 2.350983 1 1 0 22.046000
1 5 8 9 5 1 40.938247 1 1 0 11.237000
1 7 9 9 3 1 10.842372 0 0 0 10.395000
1 10 9 9 1 1 2.312216 0 0 0 15.425000
1 35 11 11 5 1 8.275174 0 0 0 25.912000
1 32 10 10 17 1 30.247948 0 0 1 22.758000
1 36 9 10 2 1 2.619890 1 1 0 18.740000
1 23 9 10 76 1 15.559326 2 2 1 24.225000
1 31 10 10 2 1 20.955461 1 1 4 44.960000
1 41 10 10 1 1 0.389893 1 1 4 55.639000
1 21 8 9 84 0 22.745422 1 1 0 23.598000
1 28 6 9 2 0 48.427266 3 3 0 10.053000
1 20 8 9 1 0 11.292711 1 1 0 11.823000
1 11 12 12 6 0 1.150033 0 0 0 31.002000
1 32 10 10 17 0 30.247948 0 0 0 17.985000
1 3 10 10 34 0 3.498413 0 0 0 20.116000
1 37 7 10 6 0 2.276795 1 3 0 12.801000
1 6 10 10 180 0 26.527954 0 0 0 24.862000
1 19 6 8 12 0 10.336387 2 2 0 35.673000
1 25 10 10 5 0 11.524457 0 0 0 63.785000
1 43 11 12 16 0 37.279393 1 1 0 24.327000
1 30 8 8 5 0 2.111218 0 0 0 45.188000
1 44 7 7 13 0 6.619204 0 0 0 28.861000
1 34 10 10 12 0 18.607893 0 0 0 15.001000
1 17 7 8 2 0 33.814995 1 1 0 11.079000
1 39 9 10 1 0 24.724245 1 1 0 22.669000
1 13 10 11 60 0 37.621673 1 1 0 28.114000
1 15 8 9 4 0 37.489290 1 1 0 25.056000
1 35 8 11 5 0 30.438575 2 3 0 24.024000
1 8 9 9 10 0 24.940695 0 0 0 10.728000
1 27 11 11 13 0 13.318927 0 0 0 25.499000
1 36 9 10 2 0 22.917512 1 1 0 28.452000
1 38 8 9 33 0 26.081883 1 1 0 18.180000
1 22 9 9 31 0 20.823250 0 0 0 19.304000
1 9 10 10 2 0 6.857811 0 0 0 27.808000
1 14 10 10 8 0 1.720988 0 0 0 81.601000
1 45 10 10 6 0 8.153328 0 0 0 64.564000
1 42 9 9 16 0 14.438090 0 0 0 20.019000
1 1 7 7 6 0 3.696353 0 0 0 17.732000
1 18 9 10 3 0 2.502269 1 1 0 11.711000
1 41 9 10 1 0 49.216224 1 1 0 102.560000
1 29 9 9 1 0 11.765758 0 0 0 26.265000
1 33 9 9 5 0 15.378267 0 0 0 15.873000
1 2 10 10 70 0 28.398264 0 0 0 14.007000
1 16 9 9 13 0 20.334262 0 0 0 22.669000
1 23 9 10 76 0 69.863076 1 1 0 14.369000
1 26 7 9 9 0 20.316615 1 2 0 10.375000
1 24 10 10 4 0 6.333418 0 0 0 20.614000
1 10 9 9 1 0 2.312216 0 0 0 12.757000
1 5 8 9 5 0 40.938247 1 1 0 128.257000
1 12 6 9 2 0 12.909773 2 3 0 8.982000
1 40 9 9 8 0 21.686618 0 0 0 12.706000
1 7 8 9 3 0 23.610589 1 1 0 12.221000
1 31 9 10 2 0 56.385707 1 1 0 16.237000
1 0 9 9 104 0 25.540909 0 0 0 16.164000
1 4 9 10 4 0 24.302558 1 1 0 15.836000
1 26 8 9 9 1 45.980561 1 1 0 15.344000
1 14 10 10 8 1 11.890226 0 0 0 14.748000
1 38 8 9 33 1 30.443581 1 1 0 19.021000
1 42 9 9 16 1 14.438090 0 0 0 24.217000
1 45 10 10 6 1 8.153328 0 0 0 15.351000
1 30 5 8 5 1 55.726387 1 3 0 12.397000
1 37 7 10 6 1 20.964152 1 3 0 52.147000
1 39 10 10 1 1 0.594999 0 0 0 29.030000
1 11 11 12 6 1 25.184428 1 1 0 145.011000
1 33 8 9 5 1 7.851337 1 1 0 11.112000
1 43 11 12 16 1 37.279393 1 1 0 18.537000
1 21 8 9 84 1 13.763732 1 1 0 20.015000
1 44 7 7 13 1 23.277761 0 0 0 18.737000
1 29 9 9 1 1 11.765758 0 0 0 11.828000
1 1 7 7 6 1 20.819878 0 0 0 12.412000
1 4 9 10 4 1 18.228304 1 1 0 21.528000
1 25 8 10 5 1 43.525569 2 2 0 15.369000
1 20 9 9 1 1 3.511872 1 2 1 23.875000
1 24 9 10 4 1 12.523295 1 1 0 14.887000
1 18 9 10 3 1 11.179141 2 2 2 20.123000
1 2 10 10 70 1 24.612640 0 0 0 10.830000
1 17 7 8 2 1 33.814995 1 1 0 9.582000
1 34 10 10 12 1 18.607893 0 0 0 15.467000
2 21 9 9 84 1 26.342676 0 0 0 31.167000
2 6 10 10 180 1 18.984774 0 0 0 27.779000
2 9 9 10 2 1 30.843113 2 2 1 41.513000
2 5 9 9 5 1 3.118909 1 1 1 47.756000
2 0 6 9 104 1 9.167237 2 3 3 48.206000
2 42 8 9 16 1 12.742422 1 1 0 51.714000
2 12 9 9 2 1 14.396888 0 0 0 37.856000
2 16 8 9 13 1 28.779444 2 3 1 46.556000
2 13 11 11 60 1 7.017001 0 0 0 18.934000
2 38 8 9 33 1 30.443581 3 3 2 72.317000
2 7 9 9 3 1 10.842372 1 2 3 54.999000
2 44 7 7 13 1 6.619204 0 0 0 41.608000
2 30 6 8 5 1 14.300013 2 3 5 77.969000
2 35 9 11 5 1 5.915468 1 2 0 22.185000
2 27 9 11 13 1 8.690357 5 5 14 69.873000
2 14 9 10 8 1 3.470340 1 1 0 26.968000
2 15 9 9 4 1 6.073563 2 3 5 56.084000
2 8 9 9 10 1 2.959376 0 0 0 40.863000
2 36 8 10 2 1 17.737162 1 2 1 44.330000
2 17 7 8 2 1 33.814995 3 4 8 95.315000
2 33 9 9 5 1 5.971935 1 1 1 21.167000
2 22 8 9 31 1 1.322474 2 2 7 82.046000
2 1 7 7 6 1 20.819878 0 0 0 35.310000
2 7 6 9 3 0 14.589270 1 3 0 43.840000
2 38 8 9 33 0 30.443581 1 1 0 28.107000
2 24 9 10 4 0 20.474029 1 1 0 23.308000
2 4 9 10 4 0 9.041671 1 1 0 33.793000
2 26 9 9 9 0 10.755129 0 0 0 22.455000
2 8 9 9 10 0 24.940695 0 0 0 35.705000
2 25 10 10 5 0 11.524457 0 0 0 44.565000
2 33 9 9 5 0 15.378267 0 0 0 39.980000
2 34 10 10 12 0 18.607893 0 0 0 28.616000
2 21 8 9 84 0 30.866397 1 1 0 34.157000
2 36 8 10 2 0 18.371752 2 2 0 21.986000
2 31 9 10 2 0 56.385707 1 1 0 23.168000
2 13 10 11 60 0 12.550551 1 1 0 38.409000
2 1 7 7 6 0 20.819878 0 0 0 37.009000
2 10 9 9 1 0 2.312216 0 0 0 39.390000
2 5 8 9 5 0 4.444868 1 1 0 41.362000
2 15 7 9 4 0 5.591103 2 2 0 45.677000
2 39 10 10 1 0 0.594999 0 0 0 54.109000
2 35 8 11 5 0 21.825616 2 3 0 58.614000
2 2 10 10 70 0 24.612640 0 0 0 17.214000
2 20 7 9 1 0 22.055643 2 2 0 27.304000
2 28 9 9 2 0 10.728280 0 0 0 44.279000
2 40 9 9 8 0 1.338156 0 0 0 41.683000
2 12 9 9 2 0 14.396888 0 0 0 15.127000
2 18 10 10 3 0 9.817118 0 0 0 38.862000
2 43 11 12 16 0 37.279393 1 1 0 38.398000
2 22 9 9 31 0 14.538973 0 0 0 62.607000
2 6 9 10 180 0 13.255015 1 1 0 53.976000
2 19 8 8 12 0 5.157680 0 0 0 27.486000
2 14 10 10 8 0 1.720988 0 0 0 24.100000
2 32 10 10 17 0 24.281846 0 0 0 24.877000
2 30 8 8 5 0 2.074824 0 0 0 23.830000
2 9 9 10 2 0 31.221409 1 1 0 25.564000
2 23 9 10 76 0 37.819857 1 1 0 28.224000
2 17 7 8 2 0 21.887909 1 1 0 35.127000
2 45 8 10 6 0 12.882979 2 2 0 27.321000
2 41 9 10 1 0 11.718070 1 1 0 23.069000
2 0 9 9 104 0 3.986368 0 0 0 21.903000
2 42 9 9 16 0 11.945435 0 0 0 28.810000
2 11 10 12 6 0 30.182665 1 2 0 21.052000
2 44 6 7 13 0 22.471350 1 1 0 37.161000
2 27 10 11 13 0 9.475672 1 1 0 16.822000
2 3 9 10 34 0 29.215659 1 1 0 24.269000
2 16 7 9 13 0 17.454728 2 2 0 22.594000
2 29 8 9 1 0 9.486737 1 1 0 28.910000
2 37 10 10 6 0 5.401971 0 0 0 15.628000
2 4 9 10 4 1 29.123489 1 1 0 24.273000
2 39 10 10 1 1 0.594999 0 0 0 21.980000
2 45 9 10 6 1 16.700344 1 1 0 28.211000
2 2 10 10 70 1 24.612640 0 0 0 16.994000
2 19 8 8 12 1 17.178989 0 0 0 29.804000
2 28 8 9 2 1 5.887264 3 3 5 39.558000
2 26 9 9 9 1 5.975843 0 0 0 13.091000
2 20 9 9 1 1 3.511872 0 0 0 14.197000
2 18 9 10 3 1 5.103875 3 3 7 59.270000
2 29 8 9 1 1 21.692236 1 1 0 20.333000
2 3 9 10 34 1 29.215659 1 1 0 15.809000
2 10 8 9 1 1 26.260864 1 1 1 20.093000
2 34 10 10 12 1 22.819257 0 0 0 16.560000
2 32 10 10 17 1 30.247948 0 0 0 28.840000
2 43 12 12 16 1 0.429972 0 0 0 27.003000
2 41 9 10 1 1 31.890504 1 1 0 12.748000
2 37 9 10 6 1 11.719428 2 2 11 48.032000
2 25 9 10 5 1 3.495283 1 1 0 25.401000
2 24 9 10 4 1 5.125911 1 1 0 23.439000
2 31 10 10 2 1 20.955461 0 0 0 22.165000
2 11 12 12 6 1 8.818470 0 0 0 16.475000
2 40 9 9 8 1 3.762849 0 0 0 13.165000
2 23 10 10 76 1 34.380995 0 0 0 14.737000
3 16 9 9 13 1 13.696441 0 0 0 12.553000
3 21 9 9 84 1 39.291156 0 0 0 11.320000
3 39 9 10 1 1 24.724245 1 1 0 10.626000
3 24 9 10 4 1 24.547128 3 5 5 24.692000
3 12 8 9 2 1 3.196468 1 1 0 11.797000
3 37 8 10 6 1 11.326670 2 2 0 6.918000
3 35 8 11 5 1 26.863667 3 3 0 9.172000
3 6 10 10 180 1 11.075998 0 0 0 10.148000
3 14 10 10 8 1 2.255955 0 0 0 9.464000
3 23 10 10 76 1 4.344159 0 0 0 7.551000
3 41 9 10 1 1 7.172481 3 4 6 17.939000
3 30 6 8 5 1 5.560635 1 2 0 5.860000
3 42 7 9 16 1 12.872451 1 2 0 6.001000
3 15 8 9 4 1 30.493458 1 1 0 7.665000
3 18 8 10 3 1 67.793418 2 2 0 6.361000
3 38 9 9 33 1 4.280126 0 0 0 9.313000
3 43 10 12 16 1 22.371183 2 2 0 9.199000
3 45 7 10 6 1 42.737358 2 3 0 8.019000
3 8 8 9 10 1 14.048293 1 1 0 7.623000
3 7 9 9 3 1 10.842372 0 0 0 9.446000
3 20 4 9 1 1 62.277468 2 5 0 4.657000
3 10 8 9 1 1 19.042276 1 1 0 6.557000
3 27 10 11 13 1 45.978594 1 1 0 7.580000
3 20 7 9 1 0 50.206409 1 2 0 6.378000
3 13 9 11 60 0 30.073319 2 2 0 7.358000
3 11 9 12 6 0 31.991629 1 3 0 6.866000
3 26 8 9 9 0 45.980561 1 1 0 6.589000
3 12 4 9 2 0 29.710692 2 4 0 3.936000
3 15 7 9 4 0 26.104561 2 2 0 5.882000
3 35 10 11 5 0 42.876073 1 1 0 7.385000
3 44 7 7 13 0 23.277761 0 0 0 5.664000
3 31 10 10 2 0 20.955461 0 0 0 7.574000
3 2 8 10 70 0 16.555901 2 2 0 6.656000
3 39 5 10 1 0 50.195419 3 5 0 4.640000
3 38 8 9 33 0 14.781836 1 1 0 6.544000
3 21 9 9 84 0 29.823542 0 0 0 8.128000
3 40 8 9 8 0 36.040746 1 1 0 7.566000
3 28 6 9 2 0 47.410187 2 2 0 5.219000
3 24 9 10 4 0 15.902710 1 1 0 6.013000
3 27 11 11 13 0 13.318927 0 0 0 8.187000
3 43 11 12 16 0 27.274603 1 1 0 8.767000
3 29 8 9 1 0 10.933867 1 1 0 6.130000
3 41 6 10 1 0 68.361381 2 4 0 5.429000
3 10 5 9 1 0 5.913466 2 4 0 5.490000
3 36 8 10 2 0 21.423366 2 2 0 7.918000
3 14 6 10 8 0 93.871356 3 4 0 4.513000
3 25 9 10 5 0 15.263460 1 1 0 9.127000
3 34 9 10 12 0 56.784536 1 1 0 10.094000
3 0 9 9 104 0 25.540909 0 0 0 9.360000
3 19 6 8 12 0 3.169432 1 2 0 7.306000
3 7 7 9 3 0 13.831413 1 2 0 6.851000
3 42 7 9 16 0 7.080355 2 2 0 6.073000
3 8 8 9 10 0 36.210590 1 1 0 7.575000
3 22 9 9 31 0 20.823250 0 0 0 7.434000
3 32 10 10 17 0 12.720185 0 0 0 13.334000
3 3 9 10 34 0 47.193262 1 1 0 6.482000
3 17 3 8 2 0 85.493187 2 4 0 3.858000
3 23 9 10 76 0 3.278969 1 1 0 7.584000
3 30 7 8 5 0 14.718436 1 1 0 6.535000
3 6 9 10 180 0 65.553363 1 1 0 8.355000
3 18 10 10 3 0 9.817118 0 0 0 10.597000
3 33 9 9 5 0 3.617282 0 0 0 9.986000
3 9 9 10 2 0 21.202710 1 1 0 9.249000
3 5 8 9 5 0 24.326809 1 1 0 8.631000
3 1 5 7 6 0 17.344383 2 2 0 9.340000
3 4 9 10 4 0 23.407812 1 1 0 7.561000
3 37 9 10 6 0 13.093751 1 1 0 8.931000
3 16 8 9 13 0 8.027852 1 1 0 7.229000
3 45 10 10 6 0 3.308512 0 0 0 8.748000
3 34 9 10 12 1 44.804542 1 1 0 6.987000
3 17 6 8 2 1 103.738477 1 2 0 5.629000
3 13 10 11 60 1 18.654590 1 1 0 7.032000
3 9 8 10 2 1 55.383389 2 2 0 8.624000
3 29 8 9 1 1 8.486477 1 1 0 7.578000
3 44 7 7 13 1 6.619204 0 0 0 4.726000
3 11 11 12 6 1 14.987623 1 1 0 9.011000
3 25 8 10 5 1 41.873399 1 2 0 6.670000
3 33 8 9 5 1 18.370914 1 1 0 7.509000
3 4 8 10 4 1 58.999255 1 2 0 7.418000
3 26 8 9 9 1 45.980561 1 1 0 6.994000
3 19 8 8 12 1 19.643675 0 0 0 6.360000
3 31 10 10 2 1 20.955461 0 0 0 8.437000
3 36 9 10 2 1 31.849956 1 1 0 8.602000
3 22 8 9 31 1 12.813926 1 1 0 12.401000
3 1 5 7 6 1 60.395103 1 2 0 5.090000
3 40 8 9 8 1 6.692399 1 1 0 6.736000
3 28 8 9 2 1 22.902761 1 1 0 7.606000
3 32 9 10 17 1 17.098180 1 1 0 7.068000
3 5 8 9 5 1 4.903832 1 1 0 8.267000
3 0 9 9 104 1 18.529736 0 0 0 8.556000
3 2 6 10 70 1 14.034834 3 4 0 9.969000
3 3 8 10 34 1 42.747955 2 2 0 6.044000
4 35 10 11 5 1 42.876073 1 1 0 18.986000
4 42 9 9 16 1 14.438090 0 0 0 13.777000
4 32 10 10 17 1 4.829203 1 1 1 21.639000
4 26 7 9 9 1 25.676339 2 2 4 26.865000
4 16 8 9 13 1 28.360753 2 2 2 23.601000
4 40 9 9 8 1 0.886193 0 0 0 17.557000
4 3 9 10 34 1 4.923116 1 1 0 13.408000
4 37 9 10 6 1 24.712280 1 1 0 18.047000
4 34 10 10 12 1 4.735135 0 0 0 18.546000
4 36 9 10 2 1 19.212879 1 1 0 14.275000
4 20 9 9 1 1 3.511872 0 0 0 17.901000
4 1 7 7 6 1 6.640281 1 1 2 30.538000
4 38 8 9 33 1 13.793295 1 1 0 15.174000
4 6 9 10 180 1 16.410968 1 1 0 18.991000
4 28 9 9 2 1 10.728280 0 0 0 16.352000
4 24 9 10 4 1 27.694725 1 1 0 16.599000
4 8 9 9 10 1 24.940695 0 0 0 11.072000
4 23 10 10 76 1 12.236569 0 0 0 21.555000
4 10 8 9 1 1 11.991146 1 1 0 18.087000
4 39 9 10 1 1 24.724245 1 1 0 12.522000
4 27 11 11 13 1 13.318927 0 0 0 12.418000
4 31 10 10 2 1 20.955461 0 0 0 19.176000
4 41 9 10 1 1 49.216224 1 1 0 16.228000
4 0 9 9 104 0 2.638478 0 0 0 11.777000
4 25 8 10 5 0 16.993670 2 2 0 14.230000
4 2 10 10 70 0 24.612640 0 0 0 17.071000
4 17 8 8 2 0 5.197192 0 0 0 13.538000
4 12 8 9 2 0 3.196468 1 1 0 18.806000
4 33 8 9 5 0 1.334705 1 1 0 15.653000
4 3 8 10 34 0 60.536356 1 2 0 10.921000
4 31 10 10 2 0 20.955461 0 0 0 12.507000
4 43 11 12 16 0 37.279393 1 1 0 21.935000
4 37 9 10 6 0 18.626472 1 1 0 14.023000
4 30 8 8 5 0 2.074824 0 0 0 12.891000
4 42 9 9 16 0 6.310910 0 0 0 23.791000
4 39 9 10 1 0 24.724245 1 1 0 10.404000
4 20 8 9 1 0 22.048996 1 1 0 12.158000
4 10 8 9 1 0 15.453554 1 1 0 15.638000
4 36 9 10 2 0 2.619890 1 1 0 17.187000
4 29 8 9 1 0 6.635905 1 1 0 14.435000
4 21 9 9 84 0 8.536470 0 0 0 14.722000
4 41 9 10 1 0 49.216224 1 1 0 13.119000
4 1 7 7 6 0 20.819878 0 0 0 9.522000
4 34 9 10 12 0 18.699302 1 1 0 14.385000
4 18 10 10 3 0 9.817118 0 0 0 18.142000
4 32 10 10 17 0 14.020045 0 0 0 22.071000
4 7 8 9 3 0 17.001117 1 1 0 13.773000
4 4 9 10 4 0 24.302558 1 1 0 14.502000
4 38 9 9 33 0 12.012591 0 0 0 16.451000
4 8 8 9 10 0 25.003068 1 1 0 19.608000
4 13 9 11 60 0 11.618111 2 2 0 20.711000
4 15 8 9 4 0 37.489290 1 1 0 11.313000
4 27 11 11 13 0 14.963302 0 0 0 16.435000
4 35 10 11 5 0 34.645909 1 1 0 18.035000
4 45 10 10 6 0 6.120491 0 0 0 11.743000
4 26 8 9 9 0 16.572282 1 1 0 15.117000
4 11 10 12 6 0 39.159979 1 2 0 12.922000
4 19 8 8 12 0 17.178989 0 0 0 16.652000
4 9 7 10 2 0 45.916720 3 3 0 10.310000
4 23 10 10 76 0 12.236569 0 0 0 11.445000
4 28 9 9 2 0 10.728280 0 0 0 16.571000
4 14 9 10 8 0 11.895330 1 1 0 14.574000
4 6 10 10 180 0 15.703156 0 0 0 13.710000
4 5 9 9 5 0 3.118909 0 0 0 17.123000
4 22 8 9 31 0 33.861654 0 0 0 12.448000
4 16 9 9 13 0 13.056762 0 0 0 16.727000
4 44 7 7 13 0 23.277761 0 0 0 16.519000
4 40 6 9 8 0 5.773959 2 3 0 17.905000
4 24 9 10 4 0 28.993281 1 1 0 9.271000
4 0 9 9 104 1 13.885006 0 0 0 11.208000
4 17 7 8 2 1 22.913427 1 1 0 15.492000
4 30 7 8 5 1 11.482845 1 1 0 12.743000
4 21 8 9 84 1 36.451686 1 1 0 13.022000
4 4 9 10 4 1 24.302558 1 1 0 13.107000
4 29 8 9 1 1 30.793457 1 1 0 11.838000
4 19 8 8 12 1 8.622047 0 0 0 12.737000
4 33 9 9 5 1 15.378267 0 0 0 10.659000
4 12 7 9 2 1 13.248373 1 2 0 10.569000
4 45 10 10 6 1 8.153328 0 0 0 12.866000
4 15 8 9 4 1 37.489290 1 1 0 14.413000
4 44 7 7 13 1 6.534270 0 0 0 12.338000
4 5 9 9 5 1 11.002013 0 0 0 15.104000
4 14 9 10 8 1 7.754548 1 1 0 12.083000
4 7 8 9 3 1 23.610589 1 1 0 11.598000
4 9 8 10 2 1 4.218549 2 2 0 15.602000
4 2 9 10 70 1 40.933639 1 1 0 14.457000
4 11 10 12 6 1 31.524771 1 2 0 14.772000
4 13 11 11 60 1 3.309534 0 0 0 14.322000
4 22 9 9 31 1 4.782735 0 0 0 12.062000
4 18 10 10 3 1 9.817118 0 0 0 20.570000
4 43 12 12 16 1 6.951823 0 0 0 21.803000
4 25 10 10 5 1 5.309184 0 0 0 18.704000
5 2 10 10 70 1 24.612640 0 0 1 35.293000
5 10 9 9 1 1 2.312216 1 2 6 31.238000
5 6 10 10 180 1 14.808680 0 0 0 14.867000
5 41 9 10 1 1 49.216224 2 2 8 34.751000
5 27 11 11 13 1 13.318927 0 0 0 24.833000
5 8 8 9 10 1 9.320087 3 3 11 46.228000
5 42 8 9 16 1 14.753327 1 1 0 17.838000
5 9 8 10 2 1 21.571856 4 4 3 26.174000
5 39 10 10 1 1 0.594999 1 1 8 36.952000
5 1 7 7 6 1 20.819878 1 1 7 26.679000
5 37 8 10 6 1 6.722759 4 5 6 28.152000
5 38 9 9 33 1 12.012591 0 0 0 15.466000
5 17 7 8 2 1 0.735619 1 1 2 26.178000
5 36 9 10 2 1 19.212879 3 4 13 47.105000
5 26 9 9 9 1 5.975843 0 0 0 20.410000
5 24 9 10 4 1 24.547128 1 1 0 12.894000
5 12 7 9 2 1 9.524130 7 10 16 58.933000
5 20 9 9 1 1 3.511872 0 0 0 12.240000
5 18 10 10 3 1 9.817118 0 0 0 14.522000
5 22 8 9 31 1 20.897285 2 5 4 26.721000
5 28 8 9 2 1 34.742995 1 1 0 11.581000
5 11 9 12 6 1 40.372404 1 3 0 14.988000
5 7 8 9 3 1 23.610589 1 1 0 13.600000
5 31 10 10 2 0 20.955461 0 0 0 23.076000
5 15 8 9 4 0 0.098251 1 1 0 19.297000
5 6 10 10 180 0 14.808680 0 0 0 17.044000
5 44 6 7 13 0 23.294528 1 1 0 18.818000
5 24 9 10 4 0 23.248571 1 1 0 19.899000
5 28 8 9 2 0 11.115163 1 1 0 18.175000
5 12 8 9 2 0 22.465507 1 1 0 15.155000
5 19 8 8 12 0 8.820374 0 0 0 13.655000
5 20 8 9 1 0 11.292711 1 1 0 14.660000
5 18 10 10 3 0 9.817118 0 0 0 17.137000
5 30 8 8 5 0 2.074824 0 0 0 12.926000
5 32 9 10 17 0 5.235599 1 1 0 13.120000
5 17 7 8 2 0 21.638004 1 1 0 11.002000
5 38 9 9 33 0 8.777324 0 0 0 13.840000
5 36 8 10 2 0 8.066904 2 2 0 16.268000
5 27 11 11 13 0 13.318927 0 0 0 15.069000
5 10 8 9 1 0 10.001698 1 1 0 15.214000
5 43 9 12 16 0 14.883355 2 3 0 11.914000
5 23 9 10 76 0 2.209971 1 1 0 20.826000
5 40 9 9 8 0 13.136150 0 0 0 13.447000
5 11 11 12 6 0 16.239172 1 1 0 19.657000
5 35 8 11 5 0 21.129429 2 3 0 15.284000
5 13 11 11 60 0 3.309534 0 0 0 14.899000
5 33 5 9 5 0 1.232475 1 4 0 11.148000
5 29 8 9 1 0 5.582976 1 1 0 12.215000
5 0 9 9 104 0 25.540909 0 0 0 14.447000
5 37 9 10 6 0 7.199804 1 1 0 13.870000
5 5 8 9 5 0 40.938247 1 1 0 12.566000
5 7 8 9 3 0 12.806081 1 1 0 13.372000
5 21 8 9 84 0 36.451686 1 1 0 14.365000
5 26 8 9 9 0 16.572282 1 1 0 10.689000
5 25 10 10 5 0 11.524457 0 0 0 10.356000
5 1 6 7 6 0 35.128760 1 1 0 21.150000
5 14 10 10 8 0 11.147432 0 0 0 17.369000
5 42 9 9 16 0 8.362711 0 0 0 15.832000
5 3 9 10 34 0 16.841506 1 1 0 12.424000
5 22 9 9 31 0 20.823250 0 0 0 13.243000
5 41 9 10 1 0 49.216224 1 1 0 12.104000
5 2 10 10 70 0 28.398264 0 0 0 19.613000
5 16 9 9 13 0 13.056762 0 0 0 18.932000
5 8 9 9 10 0 24.940695 0 0 0 15.702000
5 34 10 10 12 0 18.607893 0 0 0 11.641000
5 4 9 10 4 0 3.415435 1 1 0 15.199000
5 9 7 10 2 0 10.037729 2 3 0 12.866000
5 45 6 10 6 0 32.573579 3 4 0 9.573000
5 39 7 10 1 0 44.159039 2 3 0 13.034000
5 34 9 10 12 1 56.784536 1 1 0 13.262000
5 14 10 10 8 1 11.147432 0 0 0 10.381000
5 13 11 11 60 1 0.159588 0 0 0 12.998000
5 21 9 9 84 1 2.580722 1 2 6 30.864000
5 5 5 9 5 1 42.658995 1 4 0 6.472000
5 0 9 9 104 1 5.873006 0 0 0 17.739000
5 29 9 9 1 1 11.765758 0 0 0 11.627000
5 15 7 9 4 1 6.892237 1 2 2 19.073000
5 45 7 10 6 1 10.048617 2 3 0 12.267000
5 33 6 9 5 1 21.158694 2 3 0 8.971000
5 44 7 7 13 1 6.619204 0 0 0 9.195000
5 35 11 11 5 1 8.275174 0 0 0 14.212000
5 30 8 8 5 1 5.466824 0 0 0 14.469000
5 31 9 10 2 1 56.385707 1 1 0 13.986000
5 3 9 10 34 1 4.923116 1 1 0 15.712000
5 4 8 10 4 1 59.192313 1 2 0 16.206000
5 23 9 10 76 1 2.209971 1 1 0 10.692000
5 43 11 12 16 1 10.920657 1 1 0 19.921000
5 40 9 9 8 1 9.485003 0 0 0 16.987000
5 19 7 8 12 1 27.288219 1 1 0 7.403000
5 16 9 9 13 1 13.056762 0 0 0 13.720000
5 32 10 10 17 1 30.247948 0 0 0 10.971000
5 25 10 10 5 1 11.588410 0 0 0 10.871000
6 23 10 10 76 1 13.111506 2 4 5 39.243000
6 10 8 9 1 1 15.851912 4 4 13 115.033000
6 16 9 9 13 1 9.819048 0 0 0 31.357000
6 35 11 11 5 1 8.275174 0 0 0 23.138000
6 39 9 10 1 1 12.962534 1 1 0 23.977000
6 9 10 10 2 1 6.857811 0 0 0 22.952000
6 42 9 9 16 1 11.945435 1 2 14 72.778000
6 14 7 10 8 1 4.983136 4 6 6 44.665000
6 40 9 9 8 1 21.686618 0 0 0 22.009000
6 26 9 9 9 1 5.975843 3 3 13 76.149000
6 25 10 10 5 1 3.624817 0 0 0 31.189000
6 27 11 11 13 1 14.963302 0 0 0 24.995000
6 44 6 7 13 1 7.835570 1 1 0 20.799000
6 6 10 10 180 1 15.703156 0 0 0 44.605000
6 0 9 9 104 1 12.884179 1 1 6 46.285000
6 24 9 10 4 1 12.523295 2 2 9 55.494000
6 29 9 9 1 1 11.765758 0 0 0 19.445000
6 1 7 7 6 1 20.819878 3 3 11 59.661000
6 43 12 12 16 1 6.951823 0 0 0 23.223000
6 13 11 11 60 1 3.309534 0 0 0 47.970000
6 31 10 10 2 1 20.955461 0 0 0 23.191000
6 34 10 10 12 1 18.607893 0 0 0 22.597000
6 17 7 8 2 1 33.814995 8 9 13 62.787000
6 37 10 10 6 0 5.401971 0 0 0 21.250000
6 13 9 11 60 0 9.613493 2 2 0 15.901000
6 9 8 10 2 0 23.462922 2 2 0 48.904000
6 2 10 10 70 0 28.398264 0 0 0 18.721000
6 22 9 9 31 0 20.823250 0 0 0 35.262000
6 8 9 9 10 0 24.940695 0 0 0 24.872000
6 41 9 10 1 0 46.919839 1 1 0 25.889000
6 42 8 9 16 0 19.074897 1 1 0 19.927000
6 28 7 9 2 0 44.117160 1 2 0 25.779000
6 34 10 10 12 0 18.607893 0 0 0 20.831000
6 40 9 9 8 0 21.686618 0 0 0 15.567000
6 33 8 9 5 0 7.851337 1 1 0 15.337000
6 17 7 8 2 0 33.814995 1 1 0 15.153000
6 14 6 10 8 0 93.871356 3 4 0 15.653000
6 31 9 10 2 0 56.385707 1 1 0 19.278000
6 18 8 10 3 0 56.549785 2 2 0 18.172000
6 23 9 10 76 0 21.405555 1 1 0 21.700000
6 32 9 10 17 0 17.098180 1 1 0 16.698000
6 30 7 8 5 0 11.482845 1 1 0 18.360000
6 0 9 9 104 0 1.370288 0 0 0 19.714000
6 5 8 9 5 0 8.942488 1 1 0 26.992000
6 26 7 9 9 0 20.316615 1 2 0 12.803000
6 21 9 9 84 0 9.757622 0 0 0 21.385000
6 12 8 9 2 0 22.465507 1 1 0 16.175000
6 6 10 10 180 0 15.703156 0 0 0 16.634000
6 20 5 9 1 0 31.750250 3 4 0 18.591000
6 24 9 10 4 0 12.523295 1 1 0 20.565000
6 10 8 9 1 0 52.197770 1 1 0 19.507000
6 43 11 12 16 0 26.342184 1 1 0 29.547000
6 25 10 10 5 0 3.624817 0 0 0 15.753000
6 29 8 9 1 0 8.486477 1 1 0 28.380000
6 39 8 10 1 0 15.710942 1 2 0 17.173000
6 38 9 9 33 0 8.777324 0 0 0 21.303000
6 44 7 7 13 0 23.277761 0 0 0 14.480000
6 35 10 11 5 0 42.653697 1 1 0 20.933000
6 7 9 9 3 0 10.842372 0 0 0 23.379000
6 15 7 9 4 0 47.705686 1 2 0 15.651000
6 3 8 10 34 0 34.928176 2 2 0 23.939000
6 36 9 10 2 0 46.205537 1 1 0 18.305000
6 45 10 10 6 0 5.754424 0 0 0 17.329000
6 11 11 12 6 0 25.184428 1 1 0 28.417000
6 4 9 10 4 0 23.407812 1 1 0 22.844000
6 1 6 7 6 0 26.517790 1 1 0 20.931000
6 27 11 11 13 0 13.318927 0 0 0 32.801000
6 16 7 9 13 0 14.134496 2 2 0 24.044000
6 19 6 8 12 0 50.470660 1 2 0 26.646000
6 41 9 10 1 1 49.216224 1 1 0 13.842000
6 7 9 9 3 1 10.842372 0 0 0 16.251000
6 21 9 9 84 1 5.347428 0 0 0 15.629000
6 12 8 9 2 1 22.465507 1 1 0 22.513000
6 28 9 9 2 1 10.728280 3 3 5 26.165000
6 18 9 10 3 1 2.502269 1 1 7 38.331000
6 22 9 9 31 1 27.994342 0 0 0 15.514000
6 45 10 10 6 1 5.754424 0 0 0 18.133000
6 4 9 10 4 1 3.415435 1 1 0 16.103000
6 8 9 9 10 1 2.959376 0 0 0 23.211000
6 32 9 10 17 1 6.995123 1 1 0 24.592000
6 37 10 10 6 1 2.251769 0 0 0 17.518000
6 11 12 12 6 1 1.150033 3 6 12 54.369000
6 20 9 9 1 1 3.511872 0 0 0 24.159000
6 15 8 9 4 1 43.503605 12 18 67 213.614000
6 33 8 9 5 1 1.403373 1 1 0 21.036000
6 5 9 9 5 1 3.118909 0 0 0 22.360000
6 19 7 8 12 1 3.024697 1 1 0 24.386000
6 3 9 10 34 1 4.923116 1 1 0 19.052000
6 30 8 8 5 1 8.702415 5 7 14 74.797000
6 38 9 9 33 1 12.012591 0 0 0 17.519000
6 2 10 10 70 1 24.612640 0 0 7 48.509000
6 36 9 10 2 1 22.917512 1 1 0 15.868000
7 33 9 9 5 1 15.378267 0 0 0 17.750000
7 39 9 10 1 1 6.671588 1 1 0 12.810000
7 42 9 9 16 1 11.510366 0 0 0 15.581000
7 0 9 9 104 1 25.540909 0 0 0 14.730000
7 32 10 10 17 1 30.247948 0 0 0 12.328000
7 36 9 10 2 1 17.167354 1 1 0 14.637000
7 4 9 10 4 1 3.415435 1 1 0 12.448000
7 40 8 9 8 1 50.763052 1 1 0 12.866000
7 8 8 9 10 1 37.545393 1 1 0 11.177000
7 37 10 10 6 1 5.401971 0 0 0 12.616000
7 10 9 9 1 1 2.312216 0 0 0 10.085000
7 18 8 10 3 1 72.423310 2 2 0 7.517000
7 1 7 7 6 1 6.640281 0 0 0 11.019000
7 15 8 9 4 1 12.380364 1 1 0 16.137000
7 26 8 9 9 1 45.980561 1 1 0 12.734000
7 11 10 12 6 1 38.663746 1 2 0 10.694000
7 7 9 9 3 1 3.764337 0 0 0 14.736000
7 41 9 10 1 1 49.216224 1 1 0 11.007000
7 43 11 12 16 1 20.113712 1 1 0 12.247000
7 44 7 7 13 1 6.619204 0 0 0 12.585000
7 17 7 8 2 1 11.627110 1 1 0 8.757000
7 30 8 8 5 1 5.466824 0 0 0 12.480000
7 16 9 9 13 1 20.334262 0 0 0 13.342000
7 21 9 9 84 0 14.759505 0 0 0 12.496000
7 35 10 11 5 0 29.804597 1 1 0 11.224000
7 27 10 11 13 0 45.978594 1 1 0 10.672000
7 39 9 10 1 0 1.574874 1 1 0 11.283000
7 42 9 9 16 0 11.945435 0 0 0 13.634000
7 30 8 8 5 0 5.466824 0 0 0 12.853000
7 19 8 8 12 0 17.178989 0 0 0 12.226000
7 8 8 9 10 0 36.210590 1 1 0 14.285000
7 40 8 9 8 0 50.763052 1 1 0 10.106000
7 9 9 10 2 0 37.962247 1 1 0 12.021000
7 16 9 9 13 0 20.334262 0 0 0 11.056000
7 7 9 9 3 0 10.842372 0 0 0 11.531000
7 13 10 11 60 0 29.226506 1 1 0 12.339000
7 31 9 10 2 0 56.385707 1 1 0 8.751000
7 18 8 10 3 0 72.423310 2 2 0 8.055000
7 25 9 10 5 0 29.328827 1 1 0 11.731000
7 22 8 9 31 0 36.421245 1 1 0 7.983000
7 41 9 10 1 0 35.979604 1 1 0 13.209000
7 23 10 10 76 0 6.661377 0 0 0 9.568000
7 15 8 9 4 0 36.813368 1 1 0 9.954000
7 6 10 10 180 0 24.969616 0 0 0 14.103000
7 44 7 7 13 0 23.277761 0 0 0 9.284000
7 37 10 10 6 0 2.251769 0 0 0 10.386000
7 38 9 9 33 0 17.369576 0 0 0 10.052000
7 10 7 9 1 0 33.420874 1 2 0 6.992000
7 17 6 8 2 0 91.635156 2 2 0 6.901000
7 33 9 9 5 0 15.378267 0 0 0 9.759000
7 24 9 10 4 0 27.694725 1 1 0 9.426000
7 29 9 9 1 0 11.765758 0 0 0 17.088000
7 1 7 7 6 0 6.640281 0 0 0 10.022000
7 20 9 9 1 0 3.511872 0 0 0 9.433000
7 43 11 12 16 0 37.279393 1 1 0 12.251000
7 14 10 10 8 0 4.402570 0 0 0 9.806000
7 45 10 10 6 0 5.754424 0 0 0 9.822000
7 36 9 10 2 0 2.181482 1 1 0 10.520000
7 0 9 9 104 0 25.540909 0 0 0 14.574000
7 28 6 9 2 0 55.839928 1 3 0 7.768000
7 3 10 10 34 0 18.024796 0 0 0 10.587000
7 26 8 9 9 0 45.980561 1 1 0 7.493000
7 34 10 10 12 0 18.607893 0 0 0 11.396000
7 5 8 9 5 0 28.122179 1 1 0 9.389000
7 2 10 10 70 0 24.612640 0 0 0 9.269000
7 12 9 9 2 0 14.396888 0 0 0 15.367000
7 11 10 12 6 0 39.159979 1 2 0 12.538000
7 4 9 10 4 0 24.302558 1 1 0 10.604000
7 32 10 10 17 0 21.514196 0 0 0 9.969000
7 5 9 9 5 1 11.002013 0 0 0 12.663000
7 28 9 9 2 1 10.728280 0 0 0 11.694000
7 19 6 8 12 1 50.470660 1 2 0 6.303000
7 38 9 9 33 1 4.280126 0 0 0 10.686000
7 20 9 9 1 1 3.511872 0 0 0 9.052000
7 2 10 10 70 1 24.612640 0 0 0 8.620000
7 24 10 10 4 1 6.333418 0 0 0 11.807000
7 13 11 11 60 1 7.408464 0 0 0 13.899000
7 45 9 10 6 1 10.469737 1 1 0 10.383000
7 25 10 10 5 1 11.588410 0 0 0 10.751000
7 31 9 10 2 1 56.385707 1 1 0 8.883000
7 12 9 9 2 1 14.396888 0 0 0 12.485000
7 34 10 10 12 1 18.607893 0 0 0 10.371000
7 6 10 10 180 1 1.120537 0 0 0 15.925000
7 35 10 11 5 1 15.801575 1 1 0 10.743000
7 29 8 9 1 1 10.933867 1 1 0 10.038000
7 21 9 9 84 1 29.823542 0 0 0 10.328000
7 14 10 10 8 1 11.434155 0 0 0 12.345000
7 9 10 10 2 1 6.857811 0 0 0 12.093000
7 3 10 10 34 1 3.498413 0 0 0 12.775000
7 23 8 10 76 1 38.704773 2 2 0 8.641000
7 27 10 11 13 1 45.978594 1 1 0 10.192000
7 22 9 9 31 1 27.994342 0 0 0 9.402000
8 21 9 9 84 1 17.188535 0 0 0 19.627000
8 31 9 10 2 1 0.956247 1 1 0 23.935000
8 44 7 7 13 1 23.277761 0 0 0 15.358000
8 5 9 9 5 1 3.118909 0 0 0 17.173000
8 41 9 10 1 1 21.140742 1 1 0 14.511000
8 33 8 9 5 1 18.370914 1 1 0 12.480000
8 15 8 9 4 1 43.503605 1 1 0 24.036000
8 25 9 10 5 1 1.188532 1 1 0 9.341000
8 17 6 8 2 1 11.979855 2 2 0 16.577000
8 37 9 10 6 1 4.976791 1 1 0 7.830000
8 16 9 9 13 1 13.056762 0 0 0 12.556000
8 14 8 10 8 1 19.236453 2 2 0 20.331000
8 3 9 10 34 1 4.923116 1 1 0 13.083000
8 12 7 9 2 1 2.103235 1 2 0 8.262000
8 29 9 9 1 1 11.765758 0 0 0 10.464000
8 38 9 9 33 1 21.994079 0 0 0 15.068000
8 11 10 12 6 1 26.849299 1 2 0 9.867000
8 35 8 11 5 1 33.943460 2 3 0 12.420000
8 42 8 9 16 1 15.705888 1 1 0 8.118000
8 10 8 9 1 1 12.806459 1 1 0 8.831000
8 39 9 10 1 1 24.724245 1 1 0 9.918000
8 19 6 8 12 1 5.849269 2 2 0 13.479000
8 9 9 10 2 1 2.100595 1 1 0 9.337000
8 1 5 7 6 0 15.005626 2 2 0 11.240000
8 10 8 9 1 0 12.806459 1 1 0 8.469000
8 30 6 8 5 0 14.300013 1 2 0 8.794000
8 41 9 10 1 0 35.979604 1 1 0 13.675000
8 43 10 12 16 0 3.782148 1 2 0 13.679000
8 45 9 10 6 0 27.782541 1 1 0 9.559000
8 40 8 9 8 0 50.763052 1 1 0 9.762000
8 21 8 9 84 0 31.105734 1 1 0 14.877000
8 15 8 9 4 0 34.941531 1 1 0 10.887000
8 2 10 10 70 0 24.612640 0 0 0 9.363000
8 9 9 10 2 0 4.154140 1 1 0 10.985000
8 44 7 7 13 0 23.277761 0 0 0 7.093000
8 16 8 9 13 0 28.335657 1 1 0 11.255000
8 17 6 8 2 0 33.466186 2 2 0 14.987000
8 19 6 8 12 0 18.714022 2 2 0 11.783000
8 38 9 9 33 0 17.846474 0 0 0 13.811000
8 8 8 9 10 0 2.472358 1 1 0 18.275000
8 24 9 10 4 0 12.523295 1 1 0 8.643000
8 42 9 9 16 0 11.510366 0 0 0 8.622000
8 12 7 9 2 0 2.103235 1 2 0 8.754000
8 33 8 9 5 0 23.796371 1 1 0 6.835000
8 22 9 9 31 0 8.416121 0 0 0 12.351000
8 36 9 10 2 0 46.205537 1 1 0 8.175000
8 14 9 10 8 0 23.992798 1 1 0 8.291000
8 23 10 10 76 0 12.236569 0 0 0 12.822000
8 25 8 10 5 0 29.077917 2 2 0 14.041000
8 35 10 11 5 0 34.645909 1 1 0 11.675000
8 6 9 10 180 0 57.935286 0 0 0 13.039000
8 39 9 10 1 0 12.962534 1 1 0 9.185000
8 18 9 10 3 0 35.742958 1 1 0 11.835000
8 34 10 10 12 0 18.607893 0 0 0 10.896000
8 13 10 11 60 0 16.168765 1 1 0 10.824000
8 3 9 10 34 0 0.583732 1 1 0 9.692000
8 29 8 9 1 0 17.432792 1 1 0 11.564000
8 7 8 9 3 0 22.753898 1 1 0 5.737000
8 11 9 12 6 0 31.991629 1 3 0 9.021000
8 26 9 9 9 0 7.171550 0 0 0 10.035000
8 27 11 11 13 0 13.318927 0 0 0 11.387000
8 4 9 10 4 0 21.504851 1 1 0 8.668000
8 32 9 10 17 0 12.652262 1 1 0 10.466000
8 20 8 9 1 0 11.292711 1 1 0 7.304000
8 28 8 9 2 0 2.531748 1 1 0 9.842000
8 37 8 10 6 0 19.881140 1 2 0 7.471000
8 0 7 9 104 0 4.256969 2 2 0 10.644000
8 5 8 9 5 0 40.938247 1 1 0 12.340000
8 31 9 10 2 0 56.385707 1 1 0 9.328000
8 8 8 9 10 1 37.545393 1 1 0 28.541000
8 0 8 9 104 1 24.105587 1 1 0 9.340000
8 7 7 9 3 1 23.799800 1 2 1 18.440000
8 24 9 10 4 1 12.523295 1 1 0 6.996000
8 2 10 10 70 1 24.612640 0 0 0 7.297000
8 23 10 10 76 1 12.236569 0 0 0 7.922000
8 45 9 10 6 1 5.305558 1 1 0 10.435000
8 26 9 9 9 1 7.171550 0 0 0 8.752000
8 6 9 10 180 1 33.026382 1 1 0 13.787000
8 36 8 10 2 1 40.848160 1 2 0 12.462000
8 40 9 9 8 1 21.686618 0 0 0 15.350000
8 1 5 7 6 1 15.005626 3 3 1 13.060000
8 22 8 9 31 1 28.212931 1 1 0 10.067000
8 34 10 10 12 1 18.607893 0 0 1 19.501000
8 18 9 10 3 1 35.742958 1 1 0 15.139000
8 30 7 8 5 1 11.482845 1 1 0 10.620000
8 27 11 11 13 1 13.318927 0 0 0 8.752000
8 13 10 11 60 1 1.362467 1 1 0 8.800000
8 43 11 12 16 1 33.947691 1 1 1 22.463000
8 4 9 10 4 1 23.407812 1 1 0 9.257000
8 28 8 9 2 1 2.531748 1 1 0 5.724000
8 32 9 10 17 1 20.239124 1 1 0 9.822000
8 20 8 9 1 1 11.292711 1 1 0 6.601000
9 41 9 10 1 1 0.502714 5 5 31 67.233000
9 39 9 10 1 1 24.724245 1 1 0 12.514000
9 20 8 9 1 1 11.292711 3 3 9 29.381000
9 22 9 9 31 1 10.151364 2 2 19 32.579000
9 15 9 9 4 1 6.073563 0 0 0 9.799000
9 5 9 9 5 1 3.118909 3 4 11 24.425000
9 7 8 9 3 1 23.610589 5 5 20 33.616000
9 16 9 9 13 1 13.696441 3 5 19 35.935000
9 42 9 9 16 1 14.438090 0 0 8 31.200000
9 1 7 7 6 1 3.696353 4 5 27 52.903000
9 12 8 9 2 1 22.465507 2 2 14 33.237000
9 32 10 10 17 1 14.020045 0 0 12 32.716000
9 10 8 9 1 1 15.453554 2 2 5 22.866000
9 25 10 10 5 1 11.524457 0 0 0 20.437000
9 35 10 11 5 1 23.179488 5 8 21 36.693000
9 19 8 8 12 1 9.051220 2 2 17 26.843000
9 36 9 10 2 1 29.212676 7 8 30 60.754000
9 26 9 9 9 1 9.153647 1 1 7 17.910000
9 37 10 10 6 1 2.251769 0 0 0 10.500000
9 27 11 11 13 1 14.963302 5 5 31 83.508000
9 2 10 10 70 1 28.398264 4 4 22 49.112000
9 8 9 9 10 1 2.959376 1 1 11 28.549000
9 45 10 10 6 1 5.754424 2 2 14 32.684000
9 45 10 10 6 0 5.754424 0 0 0 13.064000
9 8 9 9 10 0 2.959376 0 0 0 12.604000
9 33 8 9 5 0 23.796371 1 1 0 10.565000
9 9 9 10 2 0 11.971260 1 1 0 16.405000
9 41 9 10 1 0 10.661040 1 1 0 11.381000
9 24 9 10 4 0 9.598883 1 1 0 10.268000
9 15 9 9 4 0 8.621321 0 0 0 14.582000
9 6 10 10 180 0 12.546040 0 0 0 8.823000
9 43 11 12 16 0 37.279393 1 1 0 7.924000
9 16 8 9 13 0 35.846818 1 1 0 8.900000
9 5 9 9 5 0 3.118909 0 0 0 10.166000
9 14 10 10 8 0 4.402570 0 0 0 8.413000
9 22 7 9 31 0 67.366663 2 2 0 7.780000
9 21 8 9 84 0 13.763732 1 1 0 6.199000
9 26 8 9 9 0 2.068417 1 1 0 9.043000
9 20 8 9 1 0 11.292711 1 1 0 7.400000
9 12 8 9 2 0 44.389670 1 1 0 7.773000
9 37 10 10 6 0 2.227943 0 0 0 9.224000
9 2 10 10 70 0 26.462340 0 0 0 8.936000
9 44 7 7 13 0 8.413607 0 0 0 6.149000
9 10 9 9 1 0 2.312216 0 0 0 7.433000
9 3 8 10 34 0 27.233122 2 2 0 8.581000
9 32 8 10 17 0 5.427764 1 2 0 7.210000
9 35 11 11 5 0 8.275174 0 0 0 6.386000
9 29 8 9 1 0 5.582976 1 1 0 5.695000
9 25 10 10 5 0 11.524457 0 0 0 6.407000
9 11 11 12 6 0 25.713890 1 1 0 7.964000
9 7 9 9 3 0 10.842372 0 0 0 7.131000
9 19 7 8 12 0 21.463764 1 1 0 5.407000
9 42 9 9 16 0 14.438090 0 0 0 7.708000
9 38 9 9 33 0 17.369576 0 0 0 6.921000
9 4 9 10 4 0 18.228304 1 1 0 16.367000
9 36 9 10 2 0 2.619890 1 1 0 9.920000
9 28 8 9 2 0 1.073718 1 1 0 9.046000
9 30 8 8 5 0 2.074824 0 0 0 5.245000
9 13 10 11 60 0 21.183372 1 1 0 8.570000
9 27 10 11 13 0 45.978594 1 1 0 10.177000
9 39 9 10 1 0 24.724245 1 1 0 5.533000
9 40 9 9 8 0 21.686618 0 0 0 9.877000
9 1 7 7 6 0 20.819878 0 0 0 6.843000
9 34 9 10 12 0 56.784536 1 1 0 9.005000
9 23 10 10 76 0 12.236569 0 0 0 6.784000
9 31 10 10 2 0 20.955461 0 0 0 8.282000
9 18 8 10 3 0 54.512412 1 2 0 6.929000
9 0 9 9 104 0 10.723475 0 0 0 7.255000
9 17 7 8 2 0 33.814995 1 1 0 4.319000
9 40 9 9 8 1 21.686618 1 1 1 8.683000
9 17 7 8 2 1 33.814995 4 8 11 19.275000
9 13 11 11 60 1 3.309534 0 0 0 10.160000
9 0 9 9 104 1 23.507952 0 0 0 13.361000
9 11 10 12 6 1 28.466941 1 2 0 6.292000
9 28 9 9 2 1 10.728280 1 1 1 8.121000
9 23 10 10 76 1 12.236569 0 0 0 7.127000
9 14 10 10 8 1 2.255955 0 0 0 7.277000
9 43 12 12 16 1 6.951823 0 0 0 9.274000
9 31 10 10 2 1 20.955461 0 0 0 9.835000
9 4 8 10 4 1 21.959607 1 2 0 5.084000
9 33 8 9 5 1 1.403373 1 1 0 6.509000
9 24 9 10 4 1 27.694725 1 1 0 6.970000
9 30 7 8 5 1 8.127239 1 1 0 4.811000
9 38 9 9 33 1 21.994079 0 0 0 10.855000
9 34 10 10 12 1 18.607893 0 0 0 7.090000
9 44 7 7 13 1 23.277761 0 0 0 5.858000
9 29 9 9 1 1 11.765758 0 0 0 5.484000
9 18 10 10 3 1 9.817118 1 1 1 8.512000
9 3 9 10 34 1 4.923116 1 1 0 7.202000
9 9 9 10 2 1 12.201285 3 3 7 19.343000
9 6 10 10 180 1 5.661409 0 0 0 7.401000
9 21 8 9 84 1 10.289331 1 1 0 8.875000
